world: 7a0b8763-73bf-4a36-9071-bdacc8d6a671
world-name: LA PREMIERE
x: -445.5103650171378
y: 62.9375
z: 637.2864501578861
yaw: -359.08843994140625
pitch: 4.499161720275879
name: Spawn
lastowner: ecc866e8-9643-3d1e-b9b6-a9a5cedef46a
